1728536228.281233788 -0.000283 -0.001727 -0.001576 -0.000506 0.125967 -0.002479 0.992031
1728536228.281932354 -0.000285 -0.001729 -0.001570 -0.000502 0.125965 -0.002484 0.992031
1728536228.287602663 -0.000301 -0.001737 -0.001525 -0.000459 0.125972 -0.002520 0.992031
1728536228.291831493 -0.000314 -0.001738 -0.001493 -0.000442 0.125959 -0.002536 0.992032
1728536228.297642946 -0.000330 -0.001734 -0.001449 -0.000426 0.125939 -0.002551 0.992035
1728536228.301791906 -0.000340 -0.001727 -0.001419 -0.000425 0.125937 -0.002551 0.992035
1728536228.307634830 -0.000354 -0.001712 -0.001379 -0.000415 0.125947 -0.002533 0.992034
1728536228.312085629 -0.000364 -0.001698 -0.001349 -0.000414 0.125918 -0.002522 0.992037
1728536228.317797184 -0.000372 -0.001676 -0.001316 -0.000397 0.125921 -0.002500 0.992037
1728536228.321830988 -0.000375 -0.001660 -0.001294 -0.000408 0.125912 -0.002492 0.992038
1728536228.327615261 -0.000378 -0.001640 -0.001265 -0.000420 0.125900 -0.002478 0.992040
1728536228.331917048 -0.000377 -0.001629 -0.001245 -0.000428 0.125910 -0.002482 0.992038
1728536228.337653399 -0.000373 -0.001624 -0.001220 -0.000416 0.125908 -0.002496 0.992039
1728536228.341904402 -0.000368 -0.001626 -0.001203 -0.000401 0.125925 -0.002514 0.992037
1728536228.347651482 -0.000362 -0.001634 -0.001181 -0.000379 0.125950 -0.002548 0.992033
1728536228.351920605 -0.000358 -0.001646 -0.001167 -0.000355 0.125955 -0.002587 0.992033
1728536228.357643843 -0.000353 -0.001665 -0.001149 -0.000317 0.125956 -0.002642 0.992032
1728536228.362015247 -0.000350 -0.001682 -0.001135 -0.000289 0.125959 -0.002688 0.992032
1728536228.367847919 -0.000348 -0.001705 -0.001115 -0.000266 0.125944 -0.002747 0.992033
1728536228.371822834 -0.000350 -0.001719 -0.001098 -0.000246 0.125930 -0.002782 0.992035
1728536228.377430201 -0.000356 -0.001735 -0.001071 -0.000213 0.125934 -0.002822 0.992035
1728536228.381217718 -0.000362 -0.001741 -0.001054 -0.000192 0.125927 -0.002839 0.992035
1728536228.381217718 -0.000345 -0.001712 -0.001107 -0.000764 0.126007 -0.002366 0.992026
1728536228.381796122 -0.000345 -0.001712 -0.001105 -0.000761 0.126006 -0.002369 0.992026
1728536228.387650728 -0.000350 -0.001707 -0.001092 -0.000743 0.125989 -0.002390 0.992029
1728536228.391961098 -0.000354 -0.001698 -0.001081 -0.000733 0.125989 -0.002396 0.992028
1728536228.397660017 -0.000357 -0.001680 -0.001076 -0.000733 0.126002 -0.002387 0.992027
1728536228.402003050 -0.000357 -0.001662 -0.001076 -0.000740 0.125980 -0.002372 0.992030
1728536228.407459497 -0.000353 -0.001639 -0.001076 -0.000730 0.125961 -0.002356 0.992032
1728536228.411846876 -0.000348 -0.001621 -0.001077 -0.000725 0.125964 -0.002342 0.992032
1728536228.417656660 -0.000340 -0.001598 -0.001079 -0.000737 0.125937 -0.002328 0.992035
1728536228.421892643 -0.000333 -0.001584 -0.001083 -0.000742 0.125956 -0.002323 0.992033
1728536228.427653551 -0.000321 -0.001572 -0.001092 -0.000739 0.125960 -0.002336 0.992032
1728536228.431975365 -0.000311 -0.001570 -0.001100 -0.000730 0.125965 -0.002351 0.992032
1728536228.437654734 -0.000297 -0.001574 -0.001110 -0.000708 0.125996 -0.002381 0.992028
1728536228.441880703 -0.000287 -0.001582 -0.001117 -0.000685 0.126004 -0.002414 0.992027
1728536228.447642565 -0.000276 -0.001597 -0.001126 -0.000650 0.125998 -0.002465 0.992027
1728536228.451855898 -0.000271 -0.001609 -0.001132 -0.000629 0.126004 -0.002504 0.992026
1728536228.457738161 -0.000268 -0.001624 -0.001138 -0.000602 0.126005 -0.002551 0.992026
1728536228.462025166 -0.000268 -0.001634 -0.001142 -0.000582 0.125994 -0.002591 0.992027
1728536228.467674017 -0.000267 -0.001647 -0.001151 -0.000546 0.125977 -0.002632 0.992030
1728536228.471971512 -0.000268 -0.001653 -0.001157 -0.000520 0.125966 -0.002651 0.992031
1728536228.477632284 -0.000272 -0.001653 -0.001161 -0.000483 0.125949 -0.002662 0.992033
1728536228.481124640 -0.000276 -0.001648 -0.001164 -0.000479 0.125940 -0.002666 0.992034
1728536228.481124640 -0.000266 -0.001629 -0.001175 -0.000575 0.126061 -0.002369 0.992019
1728536228.481845379 -0.000267 -0.001627 -0.001173 -0.000575 0.126060 -0.002369 0.992020
1728536228.487643719 -0.000274 -0.001612 -0.001164 -0.000586 0.126055 -0.002371 0.992020
1728536228.492017269 -0.000279 -0.001597 -0.001160 -0.000594 0.126060 -0.002356 0.992020
1728536228.497680426 -0.000285 -0.001578 -0.001153 -0.000600 0.126031 -0.002343 0.992023
1728536228.501917601 -0.000284 -0.001567 -0.001152 -0.000581 0.126043 -0.002327 0.992022
1728536228.507652283 -0.000277 -0.001553 -0.001156 -0.000583 0.126008 -0.002327 0.992026
1728536228.511877537 -0.000271 -0.001545 -0.001159 -0.000581 0.126011 -0.002320 0.992026
1728536228.517613173 -0.000264 -0.001539 -0.001163 -0.000594 0.126030 -0.002340 0.992024
1728536228.521899939 -0.000255 -0.001541 -0.001170 -0.000587 0.126035 -0.002355 0.992023
1728536228.527650833 -0.000243 -0.001551 -0.001182 -0.000565 0.126045 -0.002383 0.992021
1728536228.531821728 -0.000236 -0.001565 -0.001189 -0.000529 0.126061 -0.002414 0.992019
1728536228.537685871 -0.000229 -0.001590 -0.001195 -0.000484 0.126050 -0.002467 0.992021
1728536228.542001486 -0.000225 -0.001611 -0.001198 -0.000456 0.126053 -0.002510 0.992020
1728536228.547666550 -0.000224 -0.001638 -0.001201 -0.000436 0.126051 -0.002561 0.992020
1728536228.551920414 -0.000227 -0.001655 -0.001202 -0.000417 0.126042 -0.002595 0.992021
1728536228.557701588 -0.000229 -0.001677 -0.001208 -0.000378 0.126037 -0.002641 0.992022
1728536228.562014103 -0.000232 -0.001689 -0.001214 -0.000354 0.126017 -0.002662 0.992024
1728536228.567626715 -0.000237 -0.001698 -0.001219 -0.000320 0.126003 -0.002670 0.992026
1728536228.571898222 -0.000242 -0.001701 -0.001222 -0.000313 0.126002 -0.002675 0.992026
1728536228.577662468 -0.000245 -0.001698 -0.001231 -0.000333 0.125991 -0.002676 0.992028
1728536228.581229210 -0.000246 -0.001693 -0.001239 -0.000332 0.125989 -0.002664 0.992028
1728536228.581229210 -0.000394 -0.001701 -0.000874 -0.000679 0.126048 -0.002368 0.992021
1728536228.582017183 -0.000397 -0.001699 -0.000873 -0.000679 0.126048 -0.002365 0.992021
1728536228.587656021 -0.000417 -0.001683 -0.000864 -0.000688 0.126013 -0.002352 0.992026
1728536228.591842651 -0.000430 -0.001670 -0.000860 -0.000679 0.126028 -0.002331 0.992024
1728536228.597670317 -0.000440 -0.001654 -0.000864 -0.000686 0.126010 -0.002320 0.992026
1728536228.602035761 -0.000442 -0.001646 -0.000873 -0.000692 0.126006 -0.002308 0.992027
1728536228.607775211 -0.000443 -0.001641 -0.000883 -0.000695 0.126004 -0.002319 0.992027
1728536228.611822605 -0.000443 -0.001645 -0.000890 -0.000688 0.126022 -0.002336 0.992024
1728536228.617632389 -0.000440 -0.001657 -0.000903 -0.000674 0.126032 -0.002362 0.992023
1728536228.621967316 -0.000440 -0.001671 -0.000913 -0.000644 0.126042 -0.002391 0.992022
1728536228.627666950 -0.000442 -0.001693 -0.000924 -0.000603 0.126049 -0.002439 0.992021
1728536228.631751060 -0.000446 -0.001710 -0.000931 -0.000582 0.126050 -0.002479 0.992021
1728536228.637638092 -0.000451 -0.001735 -0.000942 -0.000566 0.126057 -0.002535 0.992020
1728536228.641945124 -0.000457 -0.001755 -0.000949 -0.000554 0.126039 -0.002576 0.992022
1728536228.647635221 -0.000465 -0.001778 -0.000959 -0.000515 0.126034 -0.002617 0.992022
1728536228.651761055 -0.000472 -0.001791 -0.000966 -0.000490 0.126033 -0.002642 0.992022
1728536228.657643318 -0.000485 -0.001801 -0.000974 -0.000460 0.126015 -0.002662 0.992025
1728536228.662112474 -0.000495 -0.001800 -0.000983 -0.000450 0.126011 -0.002668 0.992025
1728536228.667721510 -0.000505 -0.001793 -0.000999 -0.000461 0.126000 -0.002673 0.992027
1728536228.671817541 -0.000512 -0.001785 -0.001010 -0.000472 0.126007 -0.002662 0.992026
1728536228.677639961 -0.000521 -0.001773 -0.001024 -0.000479 0.125969 -0.002655 0.992031
1728536228.681183338 -0.000524 -0.001767 -0.001034 -0.000469 0.125973 -0.002645 0.992030
1728536228.681183338 -0.000641 -0.001680 -0.001121 -0.000669 0.125994 -0.002328 0.992028
1728536228.682002068 -0.000643 -0.001678 -0.001122 -0.000667 0.125995 -0.002326 0.992028
1728536228.687770128 -0.000653 -0.001664 -0.001131 -0.000668 0.125978 -0.002316 0.992030
1728536228.691852093 -0.000657 -0.001655 -0.001143 -0.000672 0.125985 -0.002307 0.992029
1728536228.697654247 -0.000657 -0.001647 -0.001166 -0.000687 0.125983 -0.002314 0.992029
1728536228.701997757 -0.000656 -0.001648 -0.001184 -0.000685 0.125991 -0.002328 0.992028
1728536228.707671165 -0.000654 -0.001657 -0.001207 -0.000675 0.126022 -0.002354 0.992024
1728536228.711857319 -0.000654 -0.001671 -0.001223 -0.000652 0.126029 -0.002377 0.992024
1728536228.717710972 -0.000657 -0.001694 -0.001243 -0.000612 0.126036 -0.002422 0.992023
1728536228.721746922 -0.000662 -0.001712 -0.001255 -0.000587 0.126035 -0.002456 0.992023
1728536228.727644444 -0.000673 -0.001736 -0.001271 -0.000561 0.126042 -0.002510 0.992022
1728536228.731921196 -0.000684 -0.001754 -0.001283 -0.000540 0.126029 -0.002547 0.992023
1728536228.737683535 -0.000696 -0.001776 -0.001303 -0.000512 0.126008 -0.002584 0.992026
1728536228.741784334 -0.000704 -0.001791 -0.001318 -0.000487 0.126005 -0.002605 0.992026
1728536228.747662544 -0.000721 -0.001803 -0.001337 -0.000465 0.126006 -0.002617 0.992026
1728536228.751955271 -0.000733 -0.001806 -0.001353 -0.000458 0.125995 -0.002620 0.992027
1728536228.757629633 -0.000747 -0.001802 -0.001379 -0.000465 0.125990 -0.002619 0.992028
1728536228.762039185 -0.000760 -0.001794 -0.001398 -0.000465 0.125993 -0.002604 0.992028
1728536228.767457485 -0.000777 -0.001782 -0.001420 -0.000474 0.125951 -0.002594 0.992033
1728536228.771861792 -0.000787 -0.001774 -0.001438 -0.000463 0.125962 -0.002574 0.992032
1728536228.777688980 -0.000801 -0.001765 -0.001462 -0.000470 0.125938 -0.002564 0.992035
1728536228.781227589 -0.000806 -0.001761 -0.001480 -0.000470 0.125933 -0.002554 0.992035
1728536228.781227589 -0.000776 -0.001796 -0.001084 -0.000808 0.125925 -0.002288 0.992037
1728536228.782031536 -0.000777 -0.001795 -0.001083 -0.000808 0.125924 -0.002286 0.992037
1728536228.787675142 -0.000782 -0.001791 -0.001070 -0.000813 0.125928 -0.002291 0.992036
1728536228.792121649 -0.000787 -0.001793 -0.001060 -0.000813 0.125929 -0.002300 0.992036
1728536228.797773600 -0.000789 -0.001804 -0.001053 -0.000794 0.125959 -0.002330 0.992032
1728536228.801795483 -0.000790 -0.001817 -0.001050 -0.000771 0.125962 -0.002358 0.992032
1728536228.807653666 -0.000794 -0.001842 -0.001042 -0.000741 0.125975 -0.002406 0.992030
1728536228.811957359 -0.000799 -0.001863 -0.001035 -0.000715 0.125976 -0.002446 0.992030
1728536228.817658663 -0.000808 -0.001892 -0.001025 -0.000682 0.125962 -0.002505 0.992032
1728536228.821967602 -0.000817 -0.001913 -0.001017 -0.000656 0.125951 -0.002550 0.992033
1728536228.827662468 -0.000829 -0.001937 -0.001008 -0.000617 0.125952 -0.002588 0.992033
1728536228.831932783 -0.000837 -0.001950 -0.001006 -0.000588 0.125953 -0.002617 0.992033
1728536228.837677240 -0.000847 -0.001961 -0.001006 -0.000575 0.125939 -0.002627 0.992034
1728536228.841825247 -0.000853 -0.001962 -0.001006 -0.000566 0.125929 -0.002635 0.992036
1728536228.847695827 -0.000863 -0.001957 -0.001008 -0.000574 0.125945 -0.002628 0.992034
1728536228.851987839 -0.000870 -0.001947 -0.001012 -0.000579 0.125957 -0.002622 0.992032
1728536228.857655048 -0.000876 -0.001930 -0.001022 -0.000578 0.125949 -0.002601 0.992033
1728536228.862112284 -0.000874 -0.001916 -0.001036 -0.000577 0.125943 -0.002584 0.992034
1728536228.867505074 -0.000865 -0.001898 -0.001059 -0.000577 0.125933 -0.002572 0.992035
1728536228.871771812 -0.000852 -0.001887 -0.001085 -0.000577 0.125924 -0.002563 0.992036
1728536228.877694130 -0.000831 -0.001878 -0.001124 -0.000577 0.125929 -0.002572 0.992036
1728536228.881139994 -0.000817 -0.001877 -0.001148 -0.000577 0.125931 -0.002577 0.992035
1728536228.881139994 -0.000918 -0.001766 -0.000799 -0.000819 0.125970 -0.002193 0.992031
1728536228.882059574 -0.000917 -0.001765 -0.000799 -0.000819 0.125970 -0.002195 0.992031
1728536228.887460947 -0.000911 -0.001764 -0.000803 -0.000792 0.125988 -0.002218 0.992029
1728536228.891899347 -0.000907 -0.001769 -0.000807 -0.000769 0.126003 -0.002237 0.992027
1728536228.897650003 -0.000902 -0.001778 -0.000814 -0.000727 0.126007 -0.002276 0.992026
1728536228.901749134 -0.000900 -0.001785 -0.000820 -0.000696 0.126010 -0.002304 0.992026
1728536228.907639503 -0.000898 -0.001794 -0.000827 -0.000676 0.125995 -0.002351 0.992028
1728536228.912107706 -0.000900 -0.001802 -0.000829 -0.000660 0.125984 -0.002386 0.992029
1728536228.917775393 -0.000903 -0.001809 -0.000830 -0.000626 0.125994 -0.002415 0.992028
1728536228.921769857 -0.000905 -0.001810 -0.000834 -0.000602 0.126001 -0.002435 0.992027
1728536228.927668095 -0.000909 -0.001803 -0.000839 -0.000580 0.125993 -0.002443 0.992028
1728536228.931732893 -0.000912 -0.001792 -0.000843 -0.000564 0.125987 -0.002449 0.992029
1728536228.937686205 -0.000912 -0.001769 -0.000859 -0.000572 0.125991 -0.002445 0.992028
1728536228.941948652 -0.000904 -0.001752 -0.000882 -0.000577 0.125995 -0.002442 0.992028
1728536228.947711706 -0.000883 -0.001727 -0.000924 -0.000578 0.125968 -0.002429 0.992031
1728536228.951830149 -0.000860 -0.001711 -0.000960 -0.000578 0.125949 -0.002420 0.992034
1728536228.957621574 -0.000826 -0.001690 -0.001012 -0.000582 0.125932 -0.002416 0.992036
1728536228.962097406 -0.000801 -0.001676 -0.001052 -0.000586 0.125919 -0.002413 0.992037
1728536228.967650414 -0.000769 -0.001664 -0.001102 -0.000584 0.125920 -0.002431 0.992037
1728536228.971931696 -0.000742 -0.001663 -0.001144 -0.000582 0.125921 -0.002444 0.992037
1728536228.977690220 -0.000704 -0.001672 -0.001201 -0.000558 0.125943 -0.002478 0.992034
1728536228.981096506 -0.000682 -0.001682 -0.001233 -0.000543 0.125956 -0.002498 0.992033
1728536228.981096506 -0.000876 -0.001671 -0.000952 -0.000899 0.126078 -0.002210 0.992018
1728536228.981881618 -0.000874 -0.001674 -0.000954 -0.000895 0.126081 -0.002214 0.992017
1728536228.987645149 -0.000855 -0.001693 -0.000965 -0.000854 0.126069 -0.002262 0.992018
1728536228.992080688 -0.000843 -0.001708 -0.000974 -0.000835 0.126075 -0.002310 0.992018
1728536228.997455120 -0.000832 -0.001724 -0.000985 -0.000803 0.126067 -0.002360 0.992019
1728536229.001794577 -0.000827 -0.001736 -0.000993 -0.000777 0.126061 -0.002400 0.992019
1728536229.007662773 -0.000826 -0.001748 -0.001000 -0.000737 0.126059 -0.002439 0.992019
1728536229.011715651 -0.000829 -0.001755 -0.001000 -0.000709 0.126057 -0.002466 0.992020
1728536229.017692566 -0.000835 -0.001759 -0.001001 -0.000678 0.126043 -0.002483 0.992021
1728536229.022110462 -0.000838 -0.001753 -0.001003 -0.000675 0.126043 -0.002485 0.992021
1728536229.027837753 -0.000842 -0.001738 -0.001012 -0.000689 0.126048 -0.002483 0.992021
1728536229.031824112 -0.000841 -0.001723 -0.001028 -0.000698 0.126050 -0.002482 0.992020
1728536229.037637472 -0.000834 -0.001701 -0.001060 -0.000698 0.126027 -0.002466 0.992023
1728536229.041939020 -0.000822 -0.001687 -0.001087 -0.000679 0.126030 -0.002449 0.992023
1728536229.047647238 -0.000804 -0.001672 -0.001127 -0.000676 0.125992 -0.002437 0.992028
1728536229.051927567 -0.000792 -0.001661 -0.001155 -0.000677 0.126002 -0.002430 0.992027
1728536229.057633400 -0.000774 -0.001651 -0.001196 -0.000696 0.126018 -0.002445 0.992025
1728536229.062120199 -0.000755 -0.001649 -0.001237 -0.000692 0.126028 -0.002455 0.992023
1728536229.067676067 -0.000731 -0.001654 -0.001288 -0.000670 0.126041 -0.002478 0.992022
1728536229.072026491 -0.000715 -0.001663 -0.001325 -0.000640 0.126055 -0.002510 0.992020
1728536229.077844858 -0.000694 -0.001682 -0.001373 -0.000595 0.126047 -0.002559 0.992021
1728536229.081337452 -0.000684 -0.001695 -0.001399 -0.000587 0.126051 -0.002592 0.992020
1728536229.081337452 -0.000715 -0.001645 -0.001058 -0.000858 0.126097 -0.002288 0.992015
1728536229.081738472 -0.000714 -0.001646 -0.001060 -0.000857 0.126098 -0.002292 0.992015
1728536229.087625504 -0.000704 -0.001668 -0.001076 -0.000835 0.126092 -0.002348 0.992015
1728536229.091772795 -0.000701 -0.001683 -0.001087 -0.000819 0.126089 -0.002387 0.992016
1728536229.097654581 -0.000700 -0.001701 -0.001101 -0.000784 0.126080 -0.002423 0.992017
1728536229.101848125 -0.000703 -0.001711 -0.001109 -0.000761 0.126074 -0.002444 0.992017
1728536229.107638121 -0.000707 -0.001716 -0.001120 -0.000728 0.126066 -0.002463 0.992019
1728536229.111912966 -0.000711 -0.001715 -0.001128 -0.000728 0.126058 -0.002467 0.992020
1728536229.117654800 -0.000714 -0.001705 -0.001144 -0.000752 0.126068 -0.002467 0.992018
1728536229.122085333 -0.000716 -0.001695 -0.001159 -0.000761 0.126043 -0.002456 0.992021
1728536229.127685547 -0.000717 -0.001680 -0.001178 -0.000765 0.126030 -0.002449 0.992023
1728536229.131692171 -0.000716 -0.001668 -0.001193 -0.000760 0.126037 -0.002432 0.992022
1728536229.137674093 -0.000708 -0.001655 -0.001223 -0.000758 0.126016 -0.002422 0.992025
1728536229.142006636 -0.000697 -0.001649 -0.001251 -0.000761 0.126019 -0.002417 0.992025
1728536229.147653580 -0.000682 -0.001646 -0.001286 -0.000771 0.126017 -0.002430 0.992025
1728536229.151855946 -0.000671 -0.001649 -0.001312 -0.000770 0.126035 -0.002446 0.992022
1728536229.157635212 -0.000654 -0.001660 -0.001350 -0.000753 0.126049 -0.002472 0.992021
1728536229.162061930 -0.000643 -0.001674 -0.001381 -0.000724 0.126052 -0.002511 0.992020
1728536229.167673349 -0.000630 -0.001696 -0.001418 -0.000684 0.126059 -0.002561 0.992019
1728536229.171944380 -0.000623 -0.001715 -0.001444 -0.000670 0.126059 -0.002599 0.992019
1728536229.177661657 -0.000613 -0.001744 -0.001481 -0.000639 0.126060 -0.002652 0.992019
1728536229.181333303 -0.000606 -0.001762 -0.001506 -0.000616 0.126045 -0.002684 0.992021
1728536229.181333303 -0.000634 -0.001782 -0.001372 -0.000791 0.126142 -0.002437 0.992009
1728536229.181913137 -0.000633 -0.001785 -0.001373 -0.000788 0.126140 -0.002442 0.992009
1728536229.187654495 -0.000627 -0.001812 -0.001374 -0.000754 0.126117 -0.002480 0.992012
1728536229.191637754 -0.000624 -0.001826 -0.001374 -0.000737 0.126122 -0.002501 0.992011
1728536229.197671890 -0.000624 -0.001838 -0.001373 -0.000709 0.126104 -0.002520 0.992014
1728536229.201973915 -0.000623 -0.001839 -0.001374 -0.000709 0.126095 -0.002522 0.992015
1728536229.207517385 -0.000620 -0.001837 -0.001380 -0.000713 0.126108 -0.002518 0.992013
1728536229.211770773 -0.000617 -0.001832 -0.001384 -0.000709 0.126084 -0.002509 0.992016
1728536229.217661142 -0.000612 -0.001824 -0.001389 -0.000703 0.126060 -0.002496 0.992019
1728536229.221839666 -0.000604 -0.001817 -0.001395 -0.000700 0.126070 -0.002478 0.992018
1728536229.227626801 -0.000590 -0.001808 -0.001408 -0.000716 0.126034 -0.002463 0.992023
1728536229.231910229 -0.000574 -0.001803 -0.001423 -0.000721 0.126042 -0.002455 0.992022
1728536229.237650394 -0.000552 -0.001804 -0.001444 -0.000717 0.126043 -0.002459 0.992021
1728536229.241902351 -0.000533 -0.001810 -0.001461 -0.000718 0.126055 -0.002469 0.992020
1728536229.247658968 -0.000505 -0.001829 -0.001486 -0.000701 0.126078 -0.002493 0.992017
1728536229.251901150 -0.000486 -0.001849 -0.001502 -0.000679 0.126087 -0.002520 0.992016
1728536229.257633209 -0.000463 -0.001881 -0.001523 -0.000649 0.126103 -0.002560 0.992014
1728536229.262077570 -0.000447 -0.001907 -0.001539 -0.000623 0.126104 -0.002606 0.992013
1728536229.267760992 -0.000427 -0.001941 -0.001561 -0.000586 0.126108 -0.002656 0.992013
1728536229.271835327 -0.000413 -0.001965 -0.001577 -0.000564 0.126089 -0.002694 0.992015
1728536229.277611971 -0.000394 -0.001997 -0.001601 -0.000534 0.126069 -0.002734 0.992018
1728536229.281270742 -0.000382 -0.002015 -0.001616 -0.000510 0.126069 -0.002757 0.992017
1728536229.281270742 -0.000438 -0.001956 -0.001171 -0.000820 0.125966 -0.002484 0.992031
1728536229.281975508 -0.000438 -0.001958 -0.001171 -0.000816 0.125966 -0.002489 0.992031
1728536229.287675858 -0.000435 -0.001965 -0.001168 -0.000790 0.125952 -0.002507 0.992033
1728536229.291779995 -0.000433 -0.001964 -0.001167 -0.000784 0.125947 -0.002516 0.992034
1728536229.297657013 -0.000431 -0.001955 -0.001167 -0.000795 0.125951 -0.002511 0.992033
1728536229.301963806 -0.000431 -0.001943 -0.001167 -0.000801 0.125956 -0.002496 0.992032
1728536229.307628393 -0.000429 -0.001923 -0.001169 -0.000802 0.125924 -0.002486 0.992036
1728536229.311942101 -0.000422 -0.001907 -0.001174 -0.000799 0.125930 -0.002465 0.992036
1728536229.317639589 -0.000413 -0.001888 -0.001181 -0.000815 0.125910 -0.002456 0.992038
1728536229.321822882 -0.000403 -0.001876 -0.001187 -0.000822 0.125900 -0.002446 0.992040
1728536229.327633142 -0.000389 -0.001866 -0.001198 -0.000815 0.125919 -0.002449 0.992037
1728536229.332037687 -0.000378 -0.001863 -0.001205 -0.000809 0.125918 -0.002462 0.992037
1728536229.337740898 -0.000361 -0.001865 -0.001221 -0.000793 0.125943 -0.002488 0.992034
1728536229.341733932 -0.000348 -0.001871 -0.001233 -0.000776 0.125954 -0.002515 0.992033
1728536229.347620487 -0.000333 -0.001887 -0.001249 -0.000746 0.125967 -0.002559 0.992031
1728536229.351970911 -0.000323 -0.001901 -0.001259 -0.000717 0.125964 -0.002595 0.992031
1728536229.357616663 -0.000312 -0.001922 -0.001272 -0.000684 0.125956 -0.002650 0.992032
1728536229.361944437 -0.000308 -0.001937 -0.001279 -0.000656 0.125947 -0.002693 0.992033
1728536229.367669582 -0.000305 -0.001952 -0.001288 -0.000630 0.125942 -0.002739 0.992034
1728536229.371620893 -0.000303 -0.001960 -0.001297 -0.000613 0.125943 -0.002760 0.992033
1728536229.377655745 -0.000300 -0.001965 -0.001314 -0.000583 0.125931 -0.002782 0.992035
1728536229.381219387 -0.000299 -0.001963 -0.001323 -0.000571 0.125922 -0.002789 0.992036
1728536229.381219387 -0.000413 -0.001877 -0.001423 -0.000673 0.126031 -0.002498 0.992023
1728536229.381988764 -0.000413 -0.001877 -0.001424 -0.000671 0.126029 -0.002500 0.992023
1728536229.387612820 -0.000418 -0.001868 -0.001429 -0.000676 0.126022 -0.002496 0.992024
1728536229.391792774 -0.000421 -0.001857 -0.001435 -0.000690 0.126020 -0.002491 0.992024
1728536229.397353649 -0.000429 -0.001839 -0.001440 -0.000702 0.126024 -0.002471 0.992024
1728536229.401853561 -0.000437 -0.001823 -0.001439 -0.000704 0.125992 -0.002458 0.992028
1728536229.407621861 -0.000442 -0.001804 -0.001443 -0.000691 0.126017 -0.002434 0.992025
1728536229.411936522 -0.000442 -0.001791 -0.001452 -0.000691 0.126004 -0.002425 0.992026
1728536229.417619944 -0.000437 -0.001781 -0.001470 -0.000689 0.125991 -0.002415 0.992028
1728536229.421872616 -0.000431 -0.001779 -0.001482 -0.000693 0.125994 -0.002430 0.992028
1728536229.427630424 -0.000424 -0.001784 -0.001499 -0.000686 0.126016 -0.002455 0.992025
1728536229.431759119 -0.000417 -0.001793 -0.001513 -0.000670 0.126025 -0.002477 0.992024
1728536229.437625170 -0.000410 -0.001812 -0.001533 -0.000625 0.126042 -0.002529 0.992022
1728536229.442016840 -0.000407 -0.001829 -0.001547 -0.000589 0.126033 -0.002566 0.992023
1728536229.447650433 -0.000404 -0.001852 -0.001566 -0.000571 0.126040 -0.002622 0.992021
1728536229.451851606 -0.000404 -0.001870 -0.001577 -0.000553 0.126034 -0.002662 0.992022
1728536229.457667351 -0.000409 -0.001895 -0.001589 -0.000525 0.126017 -0.002721 0.992024
1728536229.462076902 -0.000413 -0.001912 -0.001599 -0.000488 0.126018 -0.002749 0.992024
1728536229.467683792 -0.000418 -0.001925 -0.001616 -0.000451 0.125995 -0.002772 0.992027
1728536229.471965551 -0.000421 -0.001929 -0.001632 -0.000435 0.125987 -0.002780 0.992028
1728536229.477527380 -0.000426 -0.001925 -0.001652 -0.000429 0.125976 -0.002786 0.992029
1728536229.481202364 -0.000429 -0.001918 -0.001667 -0.000444 0.125984 -0.002786 0.992028
1728536229.481202364 -0.000398 -0.002013 -0.001363 -0.000853 0.126059 -0.002534 0.992019
1728536229.481821060 -0.000398 -0.002011 -0.001363 -0.000856 0.126061 -0.002534 0.992019
1728536229.487620354 -0.000402 -0.001997 -0.001361 -0.000875 0.126031 -0.002522 0.992023
1728536229.491988897 -0.000404 -0.001988 -0.001357 -0.000875 0.126018 -0.002509 0.992024
1728536229.497627497 -0.000405 -0.001975 -0.001348 -0.000865 0.126023 -0.002486 0.992024
1728536229.501911163 -0.000408 -0.001965 -0.001342 -0.000859 0.126017 -0.002475 0.992025
1728536229.507751465 -0.000404 -0.001955 -0.001344 -0.000858 0.126008 -0.002474 0.992026
1728536229.511868238 -0.000399 -0.001951 -0.001349 -0.000865 0.126007 -0.002481 0.992026
1728536229.517647505 -0.000389 -0.001955 -0.001357 -0.000867 0.126033 -0.002505 0.992023
1728536229.521775007 -0.000381 -0.001965 -0.001363 -0.000847 0.126044 -0.002527 0.992021
1728536229.527628899 -0.000370 -0.001986 -0.001370 -0.000820 0.126054 -0.002571 0.992020
1728536229.531914234 -0.000365 -0.002004 -0.001372 -0.000789 0.126053 -0.002604 0.992020
1728536229.537665367 -0.000362 -0.002027 -0.001374 -0.000764 0.126060 -0.002659 0.992019
1728536229.541992664 -0.000362 -0.002044 -0.001375 -0.000743 0.126058 -0.002699 0.992019
1728536229.547713041 -0.000367 -0.002065 -0.001374 -0.000709 0.126044 -0.002748 0.992021
1728536229.551821709 -0.000370 -0.002080 -0.001373 -0.000683 0.126041 -0.002773 0.992021
1728536229.557771683 -0.000375 -0.002095 -0.001374 -0.000647 0.126023 -0.002799 0.992023
1728536229.562247992 -0.000379 -0.002100 -0.001375 -0.000623 0.126009 -0.002809 0.992025
1728536229.567855358 -0.000384 -0.002096 -0.001377 -0.000626 0.126010 -0.002811 0.992025
1728536229.571817160 -0.000387 -0.002087 -0.001383 -0.000635 0.126013 -0.002807 0.992024
1728536229.577776909 -0.000392 -0.002071 -0.001391 -0.000645 0.125993 -0.002789 0.992027
1728536229.581037045 -0.000394 -0.002061 -0.001394 -0.000649 0.125983 -0.002783 0.992028
1728536229.581037045 -0.000396 -0.001908 -0.001278 -0.000854 0.125963 -0.002305 0.992032
1728536229.581971645 -0.000395 -0.001903 -0.001276 -0.000855 0.125960 -0.002303 0.992032
1728536229.587639332 -0.000389 -0.001878 -0.001261 -0.000854 0.125961 -0.002278 0.992032
1728536229.591944933 -0.000384 -0.001861 -0.001248 -0.000855 0.125949 -0.002270 0.992034
1728536229.597656250 -0.000377 -0.001840 -0.001234 -0.000847 0.125974 -0.002261 0.992031
1728536229.601922274 -0.000369 -0.001829 -0.001227 -0.000850 0.125966 -0.002270 0.992032
1728536229.607641220 -0.000354 -0.001819 -0.001224 -0.000842 0.125985 -0.002288 0.992029
1728536229.611856699 -0.000343 -0.001817 -0.001223 -0.000835 0.125997 -0.002309 0.992028
1728536229.617703199 -0.000327 -0.001822 -0.001221 -0.000814 0.126007 -0.002352 0.992026
1728536229.621968985 -0.000315 -0.001832 -0.001220 -0.000793 0.126010 -0.002384 0.992026
1728536229.627668142 -0.000302 -0.001847 -0.001218 -0.000756 0.126002 -0.002437 0.992027
1728536229.631659746 -0.000295 -0.001857 -0.001215 -0.000730 0.126007 -0.002474 0.992026
1728536229.637635469 -0.000293 -0.001869 -0.001204 -0.000697 0.125989 -0.002525 0.992028
1728536229.641868114 -0.000293 -0.001875 -0.001195 -0.000673 0.125988 -0.002557 0.992028
1728536229.647650003 -0.000293 -0.001877 -0.001189 -0.000648 0.125982 -0.002585 0.992029
1728536229.651976585 -0.000294 -0.001873 -0.001183 -0.000631 0.125967 -0.002598 0.992031
1728536229.657672405 -0.000296 -0.001861 -0.001174 -0.000625 0.125965 -0.002607 0.992031
1728536229.661992788 -0.000294 -0.001848 -0.001174 -0.000628 0.125968 -0.002602 0.992031
1728536229.667617798 -0.000292 -0.001825 -0.001175 -0.000635 0.125946 -0.002588 0.992034
1728536229.671964645 -0.000290 -0.001806 -0.001175 -0.000637 0.125931 -0.002578 0.992036
1728536229.677732706 -0.000285 -0.001780 -0.001176 -0.000629 0.125935 -0.002566 0.992035
1728536229.681211472 -0.000283 -0.001765 -0.001175 -0.000629 0.125919 -0.002556 0.992037
1728536229.681211472 -0.000298 -0.001753 -0.000945 -0.000950 0.126022 -0.002394 0.992024
1728536229.681835651 -0.000299 -0.001750 -0.000943 -0.000950 0.126019 -0.002393 0.992024
1728536229.687837124 -0.000309 -0.001727 -0.000929 -0.000954 0.126042 -0.002385 0.992022
1728536229.691711903 -0.000311 -0.001716 -0.000924 -0.000952 0.126035 -0.002387 0.992022
1728536229.697651148 -0.000313 -0.001705 -0.000917 -0.000947 0.126042 -0.002406 0.992021
1728536229.702221394 -0.000314 -0.001703 -0.000912 -0.000932 0.126072 -0.002427 0.992018
1728536229.707746983 -0.000314 -0.001707 -0.000909 -0.000906 0.126076 -0.002462 0.992017
1728536229.711781979 -0.000314 -0.001714 -0.000909 -0.000878 0.126077 -0.002497 0.992017
1728536229.717640638 -0.000318 -0.001726 -0.000905 -0.000839 0.126084 -0.002542 0.992016
1728536229.721804380 -0.000321 -0.001734 -0.000901 -0.000821 0.126082 -0.002582 0.992016
1728536229.727644920 -0.000328 -0.001746 -0.000897 -0.000793 0.126065 -0.002638 0.992018
1728536229.731741428 -0.000335 -0.001752 -0.000893 -0.000772 0.126053 -0.002671 0.992020
1728536229.737650871 -0.000349 -0.001755 -0.000883 -0.000734 0.126057 -0.002704 0.992019
1728536229.742010832 -0.000362 -0.001751 -0.000875 -0.000714 0.126051 -0.002717 0.992020
1728536229.747673750 -0.000375 -0.001739 -0.000870 -0.000690 0.126034 -0.002726 0.992022
1728536229.751953125 -0.000382 -0.001725 -0.000872 -0.000688 0.126026 -0.002725 0.992023
1728536229.757683277 -0.000393 -0.001700 -0.000874 -0.000690 0.126030 -0.002706 0.992023
1728536229.761981010 -0.000402 -0.001680 -0.000872 -0.000698 0.126003 -0.002700 0.992026
1728536229.767657042 -0.000408 -0.001652 -0.000873 -0.000695 0.126013 -0.002678 0.992025
1728536229.771837711 -0.000412 -0.001632 -0.000874 -0.000705 0.125997 -0.002674 0.992027
1728536229.777731657 -0.000415 -0.001606 -0.000879 -0.000710 0.125998 -0.002666 0.992027
1728536229.781255722 -0.000414 -0.001593 -0.000886 -0.000710 0.126002 -0.002670 0.992026
1728536229.781255722 -0.000667 -0.001596 -0.000825 -0.000868 0.126079 -0.002333 0.992017
1728536229.781949282 -0.000667 -0.001595 -0.000825 -0.000868 0.126080 -0.002333 0.992017
1728536229.787635803 -0.000667 -0.001586 -0.000828 -0.000854 0.126084 -0.002347 0.992016
1728536229.791738749 -0.000665 -0.001585 -0.000831 -0.000842 0.126096 -0.002361 0.992015
1728536229.797621250 -0.000663 -0.001593 -0.000836 -0.000802 0.126115 -0.002400 0.992012
1728536229.802067757 -0.000662 -0.001603 -0.000840 -0.000768 0.126116 -0.002439 0.992012
1728536229.807411671 -0.000663 -0.001617 -0.000844 -0.000739 0.126117 -0.002485 0.992012
1728536229.811828613 -0.000665 -0.001627 -0.000848 -0.000722 0.126120 -0.002527 0.992011
1728536229.817663908 -0.000669 -0.001639 -0.000855 -0.000703 0.126106 -0.002576 0.992013
1728536229.821903706 -0.000672 -0.001646 -0.000862 -0.000683 0.126091 -0.002603 0.992015
1728536229.827626705 -0.000682 -0.001652 -0.000866 -0.000640 0.126092 -0.002635 0.992015
1728536229.831937313 -0.000693 -0.001651 -0.000866 -0.000618 0.126083 -0.002644 0.992016
1728536229.837642670 -0.000706 -0.001642 -0.000869 -0.000609 0.126069 -0.002651 0.992018
1728536229.841922998 -0.000715 -0.001628 -0.000873 -0.000613 0.126055 -0.002650 0.992020
1728536229.847668171 -0.000727 -0.001604 -0.000882 -0.000620 0.126077 -0.002639 0.992017
1728536229.851732731 -0.000733 -0.001584 -0.000892 -0.000626 0.126050 -0.002624 0.992020
1728536229.857645512 -0.000737 -0.001557 -0.000907 -0.000619 0.126051 -0.002602 0.992020
1728536229.862048149 -0.000736 -0.001538 -0.000921 -0.000624 0.126047 -0.002589 0.992021
1728536229.867841482 -0.000733 -0.001517 -0.000941 -0.000634 0.126027 -0.002574 0.992023
1728536229.871806622 -0.000730 -0.001507 -0.000955 -0.000630 0.126040 -0.002579 0.992022
1728536229.877678871 -0.000722 -0.001497 -0.000980 -0.000629 0.126044 -0.002597 0.992021
1728536229.881253958 -0.000716 -0.001495 -0.000998 -0.000619 0.126055 -0.002613 0.992020
1728536229.881253958 -0.000473 -0.001564 -0.000821 -0.000910 0.126119 -0.002312 0.992012
1728536229.881876707 -0.000471 -0.001565 -0.000821 -0.000908 0.126120 -0.002314 0.992012
1728536229.887611628 -0.000448 -0.001575 -0.000826 -0.000880 0.126143 -0.002345 0.992009
1728536229.891804695 -0.000432 -0.001588 -0.000829 -0.000853 0.126150 -0.002384 0.992008
1728536229.897700071 -0.000412 -0.001610 -0.000831 -0.000802 0.126145 -0.002437 0.992009
1728536229.901802540 -0.000400 -0.001627 -0.000832 -0.000783 0.126156 -0.002478 0.992007
1728536229.907635212 -0.000387 -0.001648 -0.000830 -0.000761 0.126142 -0.002534 0.992009
1728536229.912085533 -0.000379 -0.001662 -0.000830 -0.000742 0.126133 -0.002571 0.992010
1728536229.917654037 -0.000370 -0.001676 -0.000832 -0.000698 0.126117 -0.002609 0.992012
1728536229.921717405 -0.000367 -0.001682 -0.000830 -0.000669 0.126107 -0.002623 0.992013
1728536229.927644014 -0.000361 -0.001681 -0.000830 -0.000641 0.126095 -0.002638 0.992014
1728536229.931872845 -0.000356 -0.001675 -0.000831 -0.000651 0.126078 -0.002643 0.992017
1728536229.937711000 -0.000348 -0.001659 -0.000837 -0.000674 0.126110 -0.002633 0.992013
1728536229.941790104 -0.000343 -0.001646 -0.000842 -0.000683 0.126081 -0.002625 0.992016
1728536229.947711706 -0.000333 -0.001626 -0.000848 -0.000670 0.126082 -0.002603 0.992016
1728536229.951889038 -0.000324 -0.001612 -0.000854 -0.000662 0.126089 -0.002593 0.992015
1728536229.957644224 -0.000303 -0.001596 -0.000873 -0.000665 0.126069 -0.002579 0.992018
1728536229.962033749 -0.000282 -0.001588 -0.000892 -0.000682 0.126061 -0.002581 0.992019
1728536229.967698812 -0.000257 -0.001585 -0.000912 -0.000686 0.126077 -0.002601 0.992017
1728536229.971844673 -0.000239 -0.001588 -0.000926 -0.000674 0.126093 -0.002615 0.992015
1728536229.977669954 -0.000210 -0.001601 -0.000951 -0.000638 0.126103 -0.002650 0.992013
1728536229.981779099 -0.000191 -0.001614 -0.000969 -0.000610 0.126111 -0.002682 0.992012
1728536229.981779099 -0.000374 -0.001612 -0.000725 -0.000753 0.126091 -0.002282 0.992016
1728536229.982019901 -0.000374 -0.001612 -0.000725 -0.000752 0.126092 -0.002284 0.992016
1728536229.987751245 -0.000373 -0.001631 -0.000729 -0.000726 0.126081 -0.002329 0.992017
1728536229.991803169 -0.000374 -0.001645 -0.000731 -0.000716 0.126096 -0.002371 0.992015
1728536229.997677088 -0.000379 -0.001665 -0.000732 -0.000694 0.126088 -0.002430 0.992016
1728536230.001911163 -0.000384 -0.001680 -0.000732 -0.000673 0.126080 -0.002466 0.992017
1728536230.007660151 -0.000391 -0.001696 -0.000735 -0.000639 0.126069 -0.002494 0.992018
1728536230.011929035 -0.000398 -0.001702 -0.000737 -0.000611 0.126056 -0.002509 0.992020
1728536230.017655134 -0.000409 -0.001700 -0.000740 -0.000590 0.126039 -0.002520 0.992022
1728536230.021776438 -0.000415 -0.001692 -0.000746 -0.000593 0.126027 -0.002525 0.992023
1728536230.027677536 -0.000425 -0.001675 -0.000755 -0.000601 0.126046 -0.002520 0.992021
1728536230.031992674 -0.000432 -0.001661 -0.000762 -0.000616 0.126013 -0.002513 0.992025
1728536230.037685871 -0.000435 -0.001643 -0.000772 -0.000613 0.126017 -0.002494 0.992025
1728536230.041809559 -0.000437 -0.001629 -0.000778 -0.000611 0.126014 -0.002483 0.992025
1728536230.047645330 -0.000437 -0.001612 -0.000794 -0.000599 0.126009 -0.002468 0.992026
1728536230.051957846 -0.000432 -0.001602 -0.000812 -0.000605 0.126007 -0.002469 0.992026
1728536230.057653189 -0.000423 -0.001595 -0.000836 -0.000609 0.126002 -0.002480 0.992027
1728536230.062046528 -0.000415 -0.001596 -0.000856 -0.000604 0.126017 -0.002496 0.992025
1728536230.067667246 -0.000405 -0.001606 -0.000881 -0.000577 0.126027 -0.002532 0.992023
1728536230.071798325 -0.000397 -0.001618 -0.000899 -0.000554 0.126034 -0.002565 0.992022
1728536230.077625751 -0.000389 -0.001638 -0.000925 -0.000532 0.126029 -0.002614 0.992023
1728536230.081332922 -0.000386 -0.001652 -0.000940 -0.000510 0.126036 -0.002650 0.992022
1728536230.081332922 -0.000551 -0.001637 -0.000828 -0.000786 0.126108 -0.002472 0.992013
1728536230.081887484 -0.000552 -0.001639 -0.000827 -0.000783 0.126109 -0.002478 0.992013
1728536230.087649345 -0.000562 -0.001660 -0.000826 -0.000755 0.126110 -0.002533 0.992013
1728536230.091850042 -0.000571 -0.001675 -0.000824 -0.000730 0.126099 -0.002569 0.992014
1728536230.097665787 -0.000580 -0.001691 -0.000827 -0.000700 0.126091 -0.002610 0.992015
1728536230.101785898 -0.000586 -0.001699 -0.000831 -0.000677 0.126079 -0.002625 0.992017
1728536230.107685328 -0.000597 -0.001702 -0.000834 -0.000659 0.126061 -0.002639 0.992019
1728536230.111735582 -0.000605 -0.001697 -0.000836 -0.000660 0.126056 -0.002643 0.992019
1728536230.117631435 -0.000616 -0.001684 -0.000845 -0.000661 0.126066 -0.002632 0.992018
1728536230.121918917 -0.000623 -0.001672 -0.000852 -0.000661 0.126035 -0.002622 0.992022
1728536230.127625465 -0.000629 -0.001656 -0.000863 -0.000652 0.126024 -0.002601 0.992024
1728536230.131944656 -0.000631 -0.001644 -0.000873 -0.000647 0.126027 -0.002585 0.992023
1728536230.137677908 -0.000631 -0.001630 -0.000888 -0.000648 0.126010 -0.002575 0.992025
1728536230.141792297 -0.000626 -0.001621 -0.000903 -0.000654 0.126018 -0.002573 0.992024
1728536230.147664547 -0.000618 -0.001615 -0.000927 -0.000662 0.126022 -0.002590 0.992024
1728536230.151945591 -0.000610 -0.001616 -0.000947 -0.000662 0.126039 -0.002608 0.992022
1728536230.157658577 -0.000599 -0.001627 -0.000974 -0.000643 0.126058 -0.002637 0.992019
1728536230.162029028 -0.000591 -0.001642 -0.000994 -0.000612 0.126059 -0.002671 0.992019
1728536230.167719603 -0.000585 -0.001666 -0.001018 -0.000565 0.126066 -0.002716 0.992018
1728536230.172054291 -0.000583 -0.001684 -0.001035 -0.000540 0.126062 -0.002758 0.992018
1728536230.177670002 -0.000585 -0.001707 -0.001054 -0.000519 0.126063 -0.002817 0.992018
1728536230.181313992 -0.000589 -0.001720 -0.001065 -0.000506 0.126060 -0.002849 0.992018
1728536230.181313992 -0.000566 -0.001697 -0.000732 -0.000764 0.126080 -0.002447 0.992017
1728536230.181874514 -0.000567 -0.001698 -0.000730 -0.000762 0.126080 -0.002452 0.992017
1728536230.187669039 -0.000574 -0.001708 -0.000717 -0.000729 0.126065 -0.002495 0.992019
1728536230.191797018 -0.000578 -0.001712 -0.000712 -0.000700 0.126062 -0.002516 0.992019
1728536230.197678328 -0.000585 -0.001710 -0.000703 -0.000661 0.126050 -0.002530 0.992020
1728536230.201886654 -0.000591 -0.001703 -0.000697 -0.000653 0.126045 -0.002530 0.992021
1728536230.207627773 -0.000598 -0.001685 -0.000691 -0.000661 0.126049 -0.002522 0.992021
1728536230.211756229 -0.000605 -0.001669 -0.000687 -0.000668 0.126034 -0.002511 0.992022
1728536230.217658997 -0.000614 -0.001644 -0.000679 -0.000675 0.126014 -0.002497 0.992025
1728536230.222047567 -0.000618 -0.001626 -0.000675 -0.000679 0.126019 -0.002477 0.992024
1728536230.227812529 -0.000621 -0.001605 -0.000672 -0.000686 0.125993 -0.002459 0.992028
1728536230.231853724 -0.000619 -0.001593 -0.000675 -0.000678 0.126000 -0.002451 0.992027
1728536230.237678289 -0.000613 -0.001584 -0.000682 -0.000666 0.125998 -0.002458 0.992027
1728536230.241966009 -0.000608 -0.001582 -0.000688 -0.000660 0.126008 -0.002470 0.992026
1728536230.247679234 -0.000599 -0.001586 -0.000699 -0.000644 0.126036 -0.002498 0.992022
1728536230.251853466 -0.000594 -0.001594 -0.000707 -0.000621 0.126039 -0.002530 0.992022
1728536230.257676363 -0.000590 -0.001609 -0.000716 -0.000586 0.126046 -0.002574 0.992021
1728536230.262038469 -0.000589 -0.001623 -0.000722 -0.000555 0.126043 -0.002615 0.992021
1728536230.267711878 -0.000589 -0.001641 -0.000729 -0.000519 0.126035 -0.002670 0.992022
1728536230.271758556 -0.000592 -0.001653 -0.000732 -0.000501 0.126022 -0.002706 0.992024
1728536230.277660608 -0.000599 -0.001669 -0.000733 -0.000474 0.126017 -0.002747 0.992024
1728536230.281217813 -0.000604 -0.001676 -0.000734 -0.000454 0.126014 -0.002766 0.992024
1728536230.281217813 -0.000705 -0.001597 -0.000515 -0.000719 0.126056 -0.002617 0.992019
1728536230.281977415 -0.000708 -0.001599 -0.000513 -0.000714 0.126055 -0.002621 0.992019
1728536230.287522078 -0.000729 -0.001602 -0.000495 -0.000687 0.126039 -0.002644 0.992022
1728536230.291778088 -0.000744 -0.001599 -0.000484 -0.000674 0.126037 -0.002650 0.992022
1728536230.297710419 -0.000762 -0.001586 -0.000475 -0.000679 0.126010 -0.002648 0.992025
1728536230.301947117 -0.000773 -0.001573 -0.000472 -0.000686 0.126027 -0.002635 0.992023
1728536230.307654142 -0.000788 -0.001554 -0.000465 -0.000683 0.126028 -0.002613 0.992023
1728536230.311851740 -0.000795 -0.001542 -0.000461 -0.000680 0.126029 -0.002597 0.992023
1728536230.317630768 -0.000796 -0.001527 -0.000464 -0.000672 0.126039 -0.002585 0.992022
1728536230.321973324 -0.000790 -0.001519 -0.000475 -0.000666 0.126047 -0.002575 0.992021
1728536230.327660799 -0.000780 -0.001513 -0.000495 -0.000657 0.126048 -0.002585 0.992021
1728536230.331863165 -0.000772 -0.001513 -0.000508 -0.000651 0.126049 -0.002592 0.992020
1728536230.337666750 -0.000760 -0.001519 -0.000526 -0.000627 0.126074 -0.002625 0.992017
1728536230.341922760 -0.000751 -0.001528 -0.000540 -0.000609 0.126093 -0.002649 0.992015
1728536230.347664118 -0.000736 -0.001542 -0.000564 -0.000574 0.126094 -0.002696 0.992014
1728536230.351891279 -0.000725 -0.001553 -0.000586 -0.000548 0.126095 -0.002730 0.992014
1728536230.357734680 -0.000709 -0.001568 -0.000618 -0.000519 0.126068 -0.002777 0.992018
1728536230.361946344 -0.000698 -0.001577 -0.000640 -0.000498 0.126049 -0.002811 0.992020
1728536230.367655993 -0.000686 -0.001586 -0.000669 -0.000462 0.126038 -0.002839 0.992021
1728536230.371864080 -0.000681 -0.001588 -0.000687 -0.000434 0.126030 -0.002860 0.992022
1728536230.377768755 -0.000674 -0.001581 -0.000714 -0.000426 0.126031 -0.002869 0.992022
1728536230.381297827 -0.000670 -0.001572 -0.000731 -0.000420 0.126031 -0.002875 0.992022
1728536230.381297827 -0.000746 -0.001708 -0.000553 -0.000634 0.126007 -0.002456 0.992026
1728536230.382041216 -0.000746 -0.001706 -0.000553 -0.000633 0.126007 -0.002457 0.992026
1728536230.387618065 -0.000745 -0.001690 -0.000552 -0.000645 0.126029 -0.002440 0.992023
1728536230.391799688 -0.000747 -0.001674 -0.000548 -0.000654 0.126045 -0.002427 0.992021
1728536230.397776365 -0.000747 -0.001651 -0.000545 -0.000630 0.126052 -0.002394 0.992021
1728536230.401768208 -0.000740 -0.001638 -0.000548 -0.000614 0.126057 -0.002371 0.992020
1728536230.407623529 -0.000725 -0.001622 -0.000555 -0.000605 0.126065 -0.002356 0.992019
1728536230.411991119 -0.000713 -0.001612 -0.000561 -0.000599 0.126070 -0.002344 0.992018
1728536230.417660236 -0.000695 -0.001603 -0.000572 -0.000596 0.126071 -0.002353 0.992018
1728536230.422113657 -0.000679 -0.001601 -0.000583 -0.000594 0.126072 -0.002359 0.992018
1728536230.427461386 -0.000657 -0.001607 -0.000600 -0.000558 0.126087 -0.002392 0.992016
1728536230.431785822 -0.000638 -0.001620 -0.000614 -0.000528 0.126099 -0.002418 0.992015
1728536230.437635422 -0.000611 -0.001643 -0.000636 -0.000487 0.126097 -0.002466 0.992015
1728536230.441921473 -0.000591 -0.001661 -0.000654 -0.000456 0.126096 -0.002502 0.992015
1728536230.447764158 -0.000566 -0.001684 -0.000678 -0.000440 0.126078 -0.002553 0.992017
1728536230.452080727 -0.000551 -0.001699 -0.000695 -0.000429 0.126065 -0.002591 0.992018
1728536230.457659483 -0.000536 -0.001713 -0.000715 -0.000397 0.126066 -0.002627 0.992018
1728536230.462057114 -0.000529 -0.001720 -0.000727 -0.000372 0.126067 -0.002655 0.992018
1728536230.467711210 -0.000522 -0.001721 -0.000742 -0.000357 0.126059 -0.002665 0.992019
1728536230.471869469 -0.000515 -0.001715 -0.000754 -0.000347 0.126054 -0.002673 0.992020
1728536230.477624416 -0.000505 -0.001699 -0.000775 -0.000360 0.126070 -0.002661 0.992018
1728536230.481276035 -0.000499 -0.001684 -0.000790 -0.000368 0.126080 -0.002653 0.992016
1728536230.481276035 -0.000515 -0.001655 -0.000502 -0.000743 0.125959 -0.002489 0.992032
1728536230.481918097 -0.000515 -0.001653 -0.000503 -0.000744 0.125961 -0.002488 0.992032
1728536230.487622023 -0.000513 -0.001630 -0.000509 -0.000732 0.125962 -0.002470 0.992032
1728536230.491907120 -0.000508 -0.001612 -0.000516 -0.000723 0.125963 -0.002457 0.992032
1728536230.497666836 -0.000497 -0.001591 -0.000530 -0.000727 0.125961 -0.002443 0.992032
1728536230.501857996 -0.000485 -0.001579 -0.000543 -0.000730 0.125959 -0.002433 0.992032
1728536230.507644176 -0.000465 -0.001570 -0.000565 -0.000722 0.125967 -0.002446 0.992031
1728536230.512076616 -0.000447 -0.001570 -0.000585 -0.000709 0.125984 -0.002461 0.992029
1728536230.517643929 -0.000425 -0.001577 -0.000611 -0.000676 0.125997 -0.002488 0.992027
1728536230.521954775 -0.000409 -0.001586 -0.000632 -0.000650 0.126006 -0.002523 0.992026
1728536230.527746677 -0.000390 -0.001603 -0.000659 -0.000609 0.126004 -0.002571 0.992026
1728536230.531861782 -0.000377 -0.001616 -0.000678 -0.000580 0.126003 -0.002605 0.992026
1728536230.537628889 -0.000364 -0.001635 -0.000700 -0.000558 0.125989 -0.002653 0.992028
1728536230.542121172 -0.000357 -0.001647 -0.000712 -0.000540 0.125968 -0.002686 0.992030
1728536230.547656775 -0.000353 -0.001659 -0.000725 -0.000499 0.125975 -0.002720 0.992030
1728536230.551941156 -0.000350 -0.001663 -0.000738 -0.000477 0.125971 -0.002731 0.992030
1728536230.557662010 -0.000345 -0.001660 -0.000757 -0.000448 0.125948 -0.002749 0.992033
1728536230.561969995 -0.000342 -0.001651 -0.000771 -0.000448 0.125949 -0.002751 0.992033
1728536230.567691803 -0.000337 -0.001635 -0.000792 -0.000446 0.125965 -0.002741 0.992031
1728536230.572006702 -0.000333 -0.001620 -0.000810 -0.000449 0.125936 -0.002730 0.992034
1728536230.577680826 -0.000321 -0.001600 -0.000837 -0.000439 0.125938 -0.002706 0.992034
1728536230.581260681 -0.000311 -0.001587 -0.000855 -0.000442 0.125929 -0.002698 0.992036
1728536230.581260681 -0.000480 -0.001730 -0.000802 -0.000677 0.125952 -0.002302 0.992033
1728536230.581871748 -0.000480 -0.001730 -0.000804 -0.000677 0.125950 -0.002300 0.992034
1728536230.587653637 -0.000476 -0.001722 -0.000822 -0.000693 0.125933 -0.002282 0.992036
1728536230.591923714 -0.000471 -0.001720 -0.000837 -0.000702 0.125950 -0.002282 0.992034
1728536230.597663164 -0.000461 -0.001724 -0.000860 -0.000700 0.125939 -0.002294 0.992035
1728536230.601947546 -0.000450 -0.001733 -0.000880 -0.000692 0.125953 -0.002312 0.992033
1728536230.607704163 -0.000438 -0.001755 -0.000905 -0.000668 0.125975 -0.002342 0.992030
1728536230.611883879 -0.000431 -0.001775 -0.000922 -0.000643 0.125983 -0.002378 0.992029
1728536230.617707491 -0.000422 -0.001808 -0.000945 -0.000605 0.125984 -0.002429 0.992029
1728536230.621721983 -0.000419 -0.001831 -0.000960 -0.000584 0.125978 -0.002468 0.992030
1728536230.627658606 -0.000416 -0.001864 -0.000984 -0.000549 0.125973 -0.002528 0.992030
1728536230.631965160 -0.000417 -0.001887 -0.001001 -0.000521 0.125958 -0.002566 0.992032
1728536230.637506247 -0.000417 -0.001915 -0.001023 -0.000496 0.125947 -0.002601 0.992033
1728536230.641768456 -0.000419 -0.001933 -0.001040 -0.000472 0.125948 -0.002617 0.992033
1728536230.647629499 -0.000425 -0.001949 -0.001062 -0.000448 0.125930 -0.002632 0.992036
1728536230.651945591 -0.000430 -0.001954 -0.001076 -0.000442 0.125931 -0.002639 0.992035
1728536230.657683134 -0.000435 -0.001954 -0.001101 -0.000453 0.125947 -0.002633 0.992033
1728536230.661988497 -0.000439 -0.001951 -0.001122 -0.000465 0.125930 -0.002622 0.992036
1728536230.667646885 -0.000441 -0.001946 -0.001150 -0.000463 0.125910 -0.002606 0.992038
1728536230.671910286 -0.000438 -0.001943 -0.001175 -0.000460 0.125913 -0.002592 0.992038
1728536230.677663326 -0.000430 -0.001941 -0.001212 -0.000472 0.125878 -0.002586 0.992042
1728536230.681221485 -0.000425 -0.001942 -0.001235 -0.000477 0.125886 -0.002583 0.992041
1728536230.681221485 -0.000414 -0.001921 -0.001004 -0.000790 0.126092 -0.002440 0.992015
1728536230.681836128 -0.000413 -0.001920 -0.001005 -0.000791 0.126093 -0.002440 0.992015
1728536230.687623262 -0.000396 -0.001919 -0.001023 -0.000798 0.126101 -0.002453 0.992014
1728536230.691892862 -0.000380 -0.001924 -0.001041 -0.000790 0.126108 -0.002465 0.992013
1728536230.697667837 -0.000360 -0.001939 -0.001066 -0.000772 0.126128 -0.002497 0.992011
1728536230.702014208 -0.000347 -0.001955 -0.001083 -0.000745 0.126140 -0.002526 0.992009
1728536230.707717419 -0.000331 -0.001983 -0.001104 -0.000704 0.126135 -0.002570 0.992010
1728536230.711815834 -0.000321 -0.002005 -0.001118 -0.000682 0.126138 -0.002605 0.992009
1728536230.717651367 -0.000312 -0.002034 -0.001135 -0.000657 0.126126 -0.002657 0.992010
1728536230.721786022 -0.000309 -0.002054 -0.001145 -0.000636 0.126127 -0.002692 0.992010
1728536230.727643967 -0.000303 -0.002077 -0.001165 -0.000610 0.126119 -0.002733 0.992011
1728536230.731875420 -0.000298 -0.002091 -0.001183 -0.000582 0.126104 -0.002749 0.992013
1728536230.737633944 -0.000294 -0.002102 -0.001204 -0.000549 0.126096 -0.002758 0.992014
1728536230.741942644 -0.000293 -0.002106 -0.001217 -0.000535 0.126090 -0.002762 0.992015
1728536230.747680426 -0.000288 -0.002104 -0.001241 -0.000540 0.126073 -0.002760 0.992017
1728536230.752034664 -0.000284 -0.002098 -0.001261 -0.000548 0.126081 -0.002749 0.992016
1728536230.757693052 -0.000280 -0.002088 -0.001285 -0.000564 0.126028 -0.002737 0.992023
1728536230.761910439 -0.000273 -0.002079 -0.001305 -0.000561 0.126047 -0.002718 0.992020
1728536230.767689705 -0.000260 -0.002071 -0.001339 -0.000578 0.126036 -0.002709 0.992022
1728536230.771850109 -0.000246 -0.002068 -0.001368 -0.000577 0.126028 -0.002702 0.992023
1728536230.777724266 -0.000224 -0.002073 -0.001410 -0.000573 0.126029 -0.002720 0.992023
1728536230.781243324 -0.000211 -0.002080 -0.001433 -0.000562 0.126039 -0.002732 0.992021
